Printing input image 1:
[0, 0, 0, 0, 0, 0, 0, 0, 0, 0, 0, 0, 0, 0, 0, 0, 0, 0, 0, 0, 0, 0, 0, 0, 0, 0, 0, 0, ],
[0, 0, 0, 0, 0, 0, 0, 0, 0, 0, 0, 0, 0, 0, 0, 0, 0, 0, 0, 0, 0, 0, 0, 0, 0, 0, 0, 0, ],
[0, 0, 0, 0, 0, 0, 0, 0, 0, 0, 0, 0, 0, 0, 0, 0, 0, 0, 0, 0, 0, 0, 0, 0, 0, 0, 0, 0, ],
[0, 0, 0, 0, 0, 0, 0, 0, 0, 0, 0, 0, 0, 0, 0, 0, 0, 0, 0, 0, 0, 0, 0, 0, 0, 0, 0, 0, ],
[0, 0, 0, 0, 0, 0, 0, 0, 0, 0, 0, 0, 0, 0, 0, 0, 0, 0, 0, 0, 0, 0, 0, 0, 0, 0, 0, 0, ],
[0, 0, 0, 0, 0, 0, 0, 0, 0, 0, 0, 0, 0, 0, 0, 0, 0, 0, 0, 0, 0, 0, 0, 0, 0, 0, 0, 0, ],
[0, 0, 0, 0, 0, 0, 0, 0, 0, 0, 0, 0, 0, 0, 0, 0, 0, 0, 0, 0, 0, 0, 0, 0, 0, 0, 0, 0, ],
[0, 0, 0, 0, 0, 0, 84, 185, 159, 151, 60, 36, 0, 0, 0, 0, 0, 0, 0, 0, 0, 0, 0, 0, 0, 0, 0, 0, ],
[0, 0, 0, 0, 0, 0, 222, 254, 254, 254, 254, 241, 198, 198, 198, 198, 198, 198, 198, 198, 170, 52, 0, 0, 0, 0, 0, 0, ],
[0, 0, 0, 0, 0, 0, 67, 114, 72, 114, 163, 227, 254, 225, 254, 254, 254, 250, 229, 254, 254, 140, 0, 0, 0, 0, 0, 0, ],
[0, 0, 0, 0, 0, 0, 0, 0, 0, 0, 0, 17, 66, 14, 67, 67, 67, 59, 21, 236, 254, 106, 0, 0, 0, 0, 0, 0, ],
[0, 0, 0, 0, 0, 0, 0, 0, 0, 0, 0, 0, 0, 0, 0, 0, 0, 0, 83, 253, 209, 18, 0, 0, 0, 0, 0, 0, ],
[0, 0, 0, 0, 0, 0, 0, 0, 0, 0, 0, 0, 0, 0, 0, 0, 0, 22, 233, 255, 83, 0, 0, 0, 0, 0, 0, 0, ],
[0, 0, 0, 0, 0, 0, 0, 0, 0, 0, 0, 0, 0, 0, 0, 0, 0, 129, 254, 238, 44, 0, 0, 0, 0, 0, 0, 0, ],
[0, 0, 0, 0, 0, 0, 0, 0, 0, 0, 0, 0, 0, 0, 0, 0, 59, 249, 254, 62, 0, 0, 0, 0, 0, 0, 0, 0, ],
[0, 0, 0, 0, 0, 0, 0, 0, 0, 0, 0, 0, 0, 0, 0, 0, 133, 254, 187, 5, 0, 0, 0, 0, 0, 0, 0, 0, ],
[0, 0, 0, 0, 0, 0, 0, 0, 0, 0, 0, 0, 0, 0, 0, 9, 205, 248, 58, 0, 0, 0, 0, 0, 0, 0, 0, 0, ],
[0, 0, 0, 0, 0, 0, 0, 0, 0, 0, 0, 0, 0, 0, 0, 126, 254, 182, 0, 0, 0, 0, 0, 0, 0, 0, 0, 0, ],
[0, 0, 0, 0, 0, 0, 0, 0, 0, 0, 0, 0, 0, 0, 75, 251, 240, 57, 0, 0, 0, 0, 0, 0, 0, 0, 0, 0, ],
[0, 0, 0, 0, 0, 0, 0, 0, 0, 0, 0, 0, 0, 19, 221, 254, 166, 0, 0, 0, 0, 0, 0, 0, 0, 0, 0, 0, ],
[0, 0, 0, 0, 0, 0, 0, 0, 0, 0, 0, 0, 3, 203, 254, 219, 35, 0, 0, 0, 0, 0, 0, 0, 0, 0, 0, 0, ],
[0, 0, 0, 0, 0, 0, 0, 0, 0, 0, 0, 0, 38, 254, 254, 77, 0, 0, 0, 0, 0, 0, 0, 0, 0, 0, 0, 0, ],
[0, 0, 0, 0, 0, 0, 0, 0, 0, 0, 0, 31, 224, 254, 115, 1, 0, 0, 0, 0, 0, 0, 0, 0, 0, 0, 0, 0, ],
[0, 0, 0, 0, 0, 0, 0, 0, 0, 0, 0, 133, 254, 254, 52, 0, 0, 0, 0, 0, 0, 0, 0, 0, 0, 0, 0, 0, ],
[0, 0, 0, 0, 0, 0, 0, 0, 0, 0, 61, 242, 254, 254, 52, 0, 0, 0, 0, 0, 0, 0, 0, 0, 0, 0, 0, 0, ],
[0, 0, 0, 0, 0, 0, 0, 0, 0, 0, 121, 254, 254, 219, 40, 0, 0, 0, 0, 0, 0, 0, 0, 0, 0, 0, 0, 0, ],
[0, 0, 0, 0, 0, 0, 0, 0, 0, 0, 121, 254, 207, 18, 0, 0, 0, 0, 0, 0, 0, 0, 0, 0, 0, 0, 0, 0, ],
[0, 0, 0, 0, 0, 0, 0, 0, 0, 0, 0, 0, 0, 0, 0, 0, 0, 0, 0, 0, 0, 0, 0, 0, 0, 0, 0, 0, ],
Printing output of conv1, first filter:
[0.009,	0.009,	0.009,	0.009,	0.009,	0.009,	0.009,	0.009,	0.009,	0.009,	0.009,	0.009,	0.009,	0.009,	0.009,	0.009,	0.009,	0.009,	0.009,	0.009,	0.009,	0.009,	0.009,	0.009,	0.009,	0.009,	0.009,	0.009,	],
[0.009,	0.009,	0.009,	0.009,	0.009,	0.009,	0.009,	0.009,	0.009,	0.009,	0.009,	0.009,	0.009,	0.009,	0.009,	0.009,	0.009,	0.009,	0.009,	0.009,	0.009,	0.009,	0.009,	0.009,	0.009,	0.009,	0.009,	0.009,	],
[0.009,	0.009,	0.009,	0.009,	0.009,	0.009,	0.009,	0.009,	0.009,	0.009,	0.009,	0.009,	0.009,	0.009,	0.009,	0.009,	0.009,	0.009,	0.009,	0.009,	0.009,	0.009,	0.009,	0.009,	0.009,	0.009,	0.009,	0.009,	],
[0.009,	0.009,	0.009,	0.009,	0.009,	0.009,	0.009,	0.009,	0.009,	0.009,	0.009,	0.009,	0.009,	0.009,	0.009,	0.009,	0.009,	0.009,	0.009,	0.009,	0.009,	0.009,	0.009,	0.009,	0.009,	0.009,	0.009,	0.009,	],
[0.009,	0.009,	0.009,	0.009,	0.009,	0.009,	0.009,	0.009,	0.009,	0.009,	0.009,	0.009,	0.009,	0.009,	0.009,	0.009,	0.009,	0.009,	0.009,	0.009,	0.009,	0.009,	0.009,	0.009,	0.009,	0.009,	0.009,	0.009,	],
[0.009,	0.009,	0.009,	0.009,	9.182,	17.501,	12.979,	11.973,	0.654,	4.473,	0.000,	2.768,	0.421,	0.994,	0.009,	0.009,	0.009,	0.009,	0.009,	0.009,	0.009,	0.009,	0.009,	0.009,	0.009,	0.009,	0.009,	0.009,	],
[0.009,	0.009,	0.009,	0.009,	23.804,	21.511,	22.343,	13.904,	17.432,	3.062,	5.912,	3.240,	13.304,	14.931,	17.617,	17.617,	17.617,	17.617,	14.559,	2.576,	0.180,	0.599,	2.885,	1.432,	0.009,	0.009,	0.009,	0.009,	],
[0.009,	0.009,	0.009,	0.009,	14.046,	38.739,	27.027,	30.997,	0.000,	0.000,	0.000,	0.000,	0.000,	0.000,	5.937,	3.716,	2.345,	5.679,	4.764,	0.000,	0.000,	0.000,	0.000,	0.000,	0.009,	0.009,	0.009,	0.009,	],
[0.009,	0.009,	0.009,	0.009,	20.551,	52.797,	57.974,	37.320,	22.854,	4.838,	8.523,	0.000,	0.000,	0.000,	0.000,	0.000,	0.000,	5.228,	0.000,	0.000,	0.000,	0.000,	0.000,	0.000,	0.009,	0.009,	0.009,	0.009,	],
[0.009,	0.009,	0.009,	0.009,	11.277,	47.249,	47.276,	62.376,	73.189,	90.496,	84.118,	65.935,	43.345,	39.450,	24.499,	32.504,	31.504,	46.415,	47.036,	3.643,	0.000,	0.000,	0.000,	0.000,	0.009,	0.009,	0.009,	0.009,	],
[0.009,	0.009,	0.009,	0.009,	13.145,	13.708,	36.911,	48.001,	73.657,	80.678,	90.454,	94.018,	87.442,	90.922,	86.897,	88.151,	102.354,	114.344,	120.409,	86.309,	39.158,	0.000,	0.000,	0.000,	0.009,	0.009,	0.009,	0.009,	],
[0.009,	0.009,	0.009,	0.009,	3.974,	4.274,	6.400,	18.282,	22.660,	29.754,	34.582,	47.986,	54.074,	64.769,	66.331,	79.875,	98.082,	119.547,	116.452,	80.375,	17.533,	3.308,	11.014,	11.304,	0.009,	0.009,	0.009,	0.009,	],
[0.009,	0.009,	0.009,	0.009,	0.009,	0.009,	0.009,	0.009,	0.009,	1.015,	3.285,	0.004,	10.573,	7.329,	19.572,	38.394,	59.695,	77.740,	58.589,	13.157,	0.000,	6.404,	18.585,	7.846,	0.009,	0.009,	0.009,	0.009,	],
[0.009,	0.009,	0.009,	0.009,	0.009,	0.009,	0.009,	0.009,	0.009,	0.009,	0.009,	0.009,	0.009,	0.009,	14.218,	35.616,	58.028,	67.287,	36.156,	0.000,	0.000,	12.403,	14.515,	1.257,	0.009,	0.009,	0.009,	0.009,	],
[0.009,	0.009,	0.009,	0.009,	0.009,	0.009,	0.009,	0.009,	0.009,	0.009,	0.009,	0.009,	0.009,	0.991,	26.950,	52.200,	70.017,	44.399,	6.669,	0.000,	9.377,	24.832,	6.957,	0.009,	0.009,	0.009,	0.009,	0.009,	],
[0.009,	0.009,	0.009,	0.009,	0.009,	0.009,	0.009,	0.009,	0.009,	0.009,	0.009,	0.009,	0.009,	13.721,	35.309,	66.085,	60.955,	37.507,	0.000,	4.859,	22.769,	20.055,	3.059,	0.009,	0.009,	0.009,	0.009,	0.009,	],
[0.009,	0.009,	0.009,	0.009,	0.009,	0.009,	0.009,	0.009,	0.009,	0.009,	0.009,	0.009,	8.200,	25.172,	44.617,	65.611,	50.667,	13.052,	0.000,	8.596,	21.842,	4.443,	0.009,	0.009,	0.009,	0.009,	0.009,	0.009,	],
[0.009,	0.009,	0.009,	0.009,	0.009,	0.009,	0.009,	0.009,	0.009,	0.009,	0.009,	2.084,	23.129,	33.205,	57.316,	55.835,	31.514,	0.000,	1.291,	17.070,	14.800,	0.355,	0.009,	0.009,	0.009,	0.009,	0.009,	0.009,	],
[0.009,	0.009,	0.009,	0.009,	0.009,	0.009,	0.009,	0.009,	0.009,	0.009,	0.336,	21.980,	27.564,	52.740,	56.148,	47.223,	0.000,	0.000,	6.576,	20.994,	4.030,	0.009,	0.009,	0.009,	0.009,	0.009,	0.009,	0.009,	],
[0.009,	0.009,	0.009,	0.009,	0.009,	0.009,	0.009,	0.009,	0.009,	0.009,	4.143,	27.291,	45.833,	55.007,	63.489,	6.809,	0.000,	1.373,	19.597,	14.173,	0.009,	0.009,	0.009,	0.009,	0.009,	0.009,	0.009,	0.009,	],
[0.009,	0.009,	0.009,	0.009,	0.009,	0.009,	0.009,	0.009,	0.009,	3.394,	23.550,	39.984,	57.724,	61.119,	32.811,	0.000,	0.000,	20.635,	21.527,	3.961,	0.009,	0.009,	0.009,	0.009,	0.009,	0.009,	0.009,	0.009,	],
[0.009,	0.009,	0.009,	0.009,	0.009,	0.009,	0.009,	0.009,	0.009,	14.368,	26.541,	52.699,	70.594,	48.253,	8.565,	0.000,	22.053,	27.494,	12.467,	0.009,	0.009,	0.009,	0.009,	0.009,	0.009,	0.009,	0.009,	0.009,	],
[0.009,	0.009,	0.009,	0.009,	0.009,	0.009,	0.009,	0.009,	6.671,	26.675,	46.728,	77.631,	54.265,	18.387,	0.000,	13.422,	28.992,	18.976,	2.435,	0.009,	0.009,	0.009,	0.009,	0.009,	0.009,	0.009,	0.009,	0.009,	],
[0.009,	0.009,	0.009,	0.009,	0.009,	0.009,	0.009,	0.009,	12.896,	36.463,	63.458,	90.426,	38.619,	0.000,	0.000,	6.431,	16.457,	5.375,	0.009,	0.009,	0.009,	0.009,	0.009,	0.009,	0.009,	0.009,	0.009,	0.009,	],
[0.009,	0.009,	0.009,	0.009,	0.009,	0.009,	0.009,	0.009,	18.319,	55.170,	84.049,	63.058,	33.893,	0.000,	1.920,	0.000,	1.435,	0.078,	0.009,	0.009,	0.009,	0.009,	0.009,	0.009,	0.009,	0.009,	0.009,	0.009,	],
[0.009,	0.009,	0.009,	0.009,	0.009,	0.009,	0.009,	0.009,	10.751,	49.997,	75.531,	66.934,	34.345,	3.649,	0.000,	8.047,	2.166,	0.009,	0.009,	0.009,	0.009,	0.009,	0.009,	0.009,	0.009,	0.009,	0.009,	0.009,	],
[0.009,	0.009,	0.009,	0.009,	0.009,	0.009,	0.009,	0.009,	15.007,	58.960,	74.887,	61.876,	31.762,	31.116,	32.412,	26.230,	4.699,	0.009,	0.009,	0.009,	0.009,	0.009,	0.009,	0.009,	0.009,	0.009,	0.009,	0.009,	],
[0.009,	0.009,	0.009,	0.009,	0.009,	0.009,	0.009,	0.009,	7.163,	23.001,	40.523,	53.388,	48.508,	63.111,	38.679,	17.700,	2.782,	0.009,	0.009,	0.009,	0.009,	0.009,	0.009,	0.009,	0.009,	0.009,	0.009,	0.009,	],
Finished conv 1
Printing output of pool1, first filter:
[0.008518,	0.008518,	0.008518,	0.008518,	0.008518,	0.008518,	0.008518,	0.008518,	0.008518,	0.008518,	0.008518,	0.008518,	0.008518,	0.008518,	]
[0.008518,	0.008518,	0.008518,	0.008518,	0.008518,	0.008518,	0.008518,	0.008518,	0.008518,	0.008518,	0.008518,	0.008518,	0.008518,	0.008518,	]
[0.008518,	0.008518,	17.501287,	12.979005,	4.472815,	2.768399,	0.993812,	0.008518,	0.008518,	0.008518,	0.008518,	0.008518,	0.008518,	0.008518,	]
[0.008518,	0.008518,	38.739330,	30.996887,	17.431717,	5.911716,	14.931047,	17.617107,	17.617107,	14.559116,	0.598580,	2.885391,	0.008518,	0.008518,	]
[0.008518,	0.008518,	52.797245,	62.375584,	90.496155,	84.117889,	43.344662,	32.503586,	46.414928,	47.035908,	0.000000,	0.000000,	0.008518,	0.008518,	]
[0.008518,	0.008518,	13.707568,	48.000595,	80.677879,	94.017502,	90.921860,	88.151360,	119.547104,	120.408585,	39.158024,	11.303895,	0.008518,	0.008518,	]
[0.008518,	0.008518,	0.008518,	0.008518,	1.014784,	3.285262,	10.573088,	38.394131,	77.739868,	58.589088,	12.403224,	18.585180,	0.008518,	0.008518,	]
[0.008518,	0.008518,	0.008518,	0.008518,	0.008518,	0.008518,	13.721202,	66.084686,	70.016670,	6.669445,	24.832352,	6.956603,	0.008518,	0.008518,	]
[0.008518,	0.008518,	0.008518,	0.008518,	0.008518,	2.083581,	33.205429,	65.610710,	50.666744,	17.069592,	21.842312,	0.008518,	0.008518,	0.008518,	]
[0.008518,	0.008518,	0.008518,	0.008518,	0.008518,	27.291340,	55.007145,	63.489216,	1.373149,	20.993593,	4.030029,	0.008518,	0.008518,	0.008518,	]
[0.008518,	0.008518,	0.008518,	0.008518,	14.367717,	52.699490,	70.593903,	32.811249,	27.493961,	21.526524,	0.008518,	0.008518,	0.008518,	0.008518,	]
[0.008518,	0.008518,	0.008518,	0.008518,	36.462852,	90.425682,	54.264935,	13.421622,	28.992060,	2.435292,	0.008518,	0.008518,	0.008518,	0.008518,	]
[0.008518,	0.008518,	0.008518,	0.008518,	55.170418,	84.049065,	34.345203,	8.047373,	2.165986,	0.008518,	0.008518,	0.008518,	0.008518,	0.008518,	]
[0.008518,	0.008518,	0.008518,	0.008518,	58.959667,	74.886826,	63.111069,	38.679413,	4.698705,	0.008518,	0.008518,	0.008518,	0.008518,	0.008518,	]
Finished pool 1
Printing output of conv2, first filter:
[0.02,	0.02,	0.02,	0.02,	0.02,	0.02,	0.02,	0.02,	0.02,	0.02,	0.02,	0.02,	0.02,	0.02,	],
[0.02,	0.02,	0.02,	0.02,	0.02,	0.02,	0.02,	0.02,	0.02,	0.02,	0.02,	0.02,	0.02,	0.02,	],
[0.02,	0.02,	0.00,	0.00,	0.00,	0.00,	0.00,	0.00,	0.00,	59.90,	108.26,	95.06,	19.18,	0.00,	],
[0.02,	0.02,	0.00,	0.00,	0.00,	0.00,	0.00,	0.00,	0.00,	0.00,	181.84,	213.88,	76.63,	14.75,	],
[0.02,	0.02,	175.67,	172.03,	143.72,	87.63,	17.88,	0.00,	0.00,	78.38,	238.60,	219.95,	68.14,	17.17,	],
[0.02,	0.02,	440.67,	468.89,	467.72,	432.48,	348.18,	277.07,	247.02,	281.52,	264.31,	151.26,	33.53,	0.00,	],
[0.02,	0.02,	210.75,	196.12,	191.30,	103.92,	23.76,	43.08,	194.36,	248.23,	142.40,	36.99,	0.00,	0.00,	],
[0.02,	0.02,	41.14,	27.15,	0.00,	0.00,	0.00,	140.18,	352.87,	259.84,	68.12,	0.00,	0.00,	0.00,	],
[0.02,	0.02,	0.00,	0.00,	0.00,	0.00,	63.81,	392.95,	441.15,	222.86,	2.46,	0.00,	0.00,	0.00,	],
[0.02,	0.02,	0.00,	0.00,	0.00,	0.00,	255.11,	480.66,	324.61,	81.00,	0.00,	0.00,	0.00,	0.00,	],
[0.02,	0.02,	0.00,	0.00,	0.00,	111.04,	487.33,	509.67,	217.89,	0.00,	0.00,	0.00,	0.00,	0.01,	],
[0.02,	0.02,	0.00,	0.00,	0.00,	221.04,	467.25,	371.62,	88.90,	0.00,	0.00,	0.00,	0.00,	0.01,	],
[0.02,	0.02,	0.00,	69.00,	275.41,	379.01,	285.87,	136.20,	0.00,	0.00,	0.00,	0.00,	0.01,	0.01,	],
[0.02,	0.02,	91.93,	392.42,	598.64,	461.45,	144.27,	0.00,	0.00,	0.00,	0.00,	0.00,	0.01,	0.01,	],
Finished conv 2
Printing output of pool2, first filter:
[0.018483,	0.018483,	0.018483,	0.018483,	0.018483,	0.018483,	0.018483,	]
[0.018483,	0.000000,	0.000000,	0.000000,	59.902908,	213.879578,	76.628166,	]
[0.018483,	468.885864,	467.720367,	348.179993,	281.515228,	264.313416,	68.138573,	]
[0.018483,	210.747345,	191.299774,	140.177780,	352.865631,	142.396210,	0.000000,	]
[0.018483,	0.000000,	0.000000,	480.664368,	441.146393,	2.464967,	0.000000,	]
[0.018483,	0.000000,	221.037491,	509.667847,	217.890060,	0.000000,	0.014589,	]
[0.018483,	392.415527,	598.638550,	285.868988,	0.000000,	0.000000,	0.014617,	]
Finished pool 2
dense1_result[0] = 0.000000
dense1_result[1] = 0.000000
dense1_result[2] = 0.000000
dense1_result[3] = 0.000000
dense1_result[4] = 771.896851
dense1_result[5] = 0.000000
dense1_result[6] = 323.530884
dense1_result[7] = 0.000000
dense1_result[8] = 0.000000
dense1_result[9] = 0.000000
dense1_result[10] = 0.000000
dense1_result[11] = 413.753113
dense1_result[12] = 135.759491
dense1_result[13] = 0.000000
dense1_result[14] = 0.000000
dense1_result[15] = 0.000000
dense1_result[16] = 0.000000
dense1_result[17] = 312.165436
dense1_result[18] = 15.566167
dense1_result[19] = 520.125732
dense1_result[20] = 0.000000
dense1_result[21] = 264.489777
dense1_result[22] = 73.097992
dense1_result[23] = 271.454956
dense1_result[24] = 0.000000
dense1_result[25] = 168.328232
dense1_result[26] = 0.000000
dense1_result[27] = 0.000000
dense1_result[28] = 0.000000
dense1_result[29] = 449.212006
dense1_result[30] = 0.000000
dense1_result[31] = 0.000000
dense1_result[32] = 0.000000
dense1_result[33] = 0.000000
dense1_result[34] = 0.000000
dense1_result[35] = 67.807106
dense1_result[36] = 0.000000
dense1_result[37] = 0.000000
dense1_result[38] = 0.000000
dense1_result[39] = 663.058533
dense1_result[40] = 0.000000
dense1_result[41] = 509.021790
dense1_result[42] = 0.000000
dense1_result[43] = 0.000000
dense1_result[44] = 0.000000
dense1_result[45] = 632.020264
dense1_result[46] = 321.722473
dense1_result[47] = 116.108665
dense1_result[48] = 0.000000
dense1_result[49] = 0.000000
dense1_result[50] = 251.888367
dense1_result[51] = 0.000000
dense1_result[52] = 0.000000
dense1_result[53] = 0.000000
dense1_result[54] = 0.000000
dense1_result[55] = 769.725220
dense1_result[56] = 547.435364
dense1_result[57] = 343.403290
dense1_result[58] = 0.000000
dense1_result[59] = 586.123962
dense1_result[60] = 0.000000
dense1_result[61] = 0.000000
dense1_result[62] = 524.246094
dense1_result[63] = 518.933777
dense1_result[64] = 0.000000
dense1_result[65] = 0.000000
dense1_result[66] = 0.000000
dense1_result[67] = 0.000000
dense1_result[68] = 416.198395
dense1_result[69] = 106.376633
dense1_result[70] = 0.000000
dense1_result[71] = 0.000000
dense1_result[72] = 0.000000
dense1_result[73] = 85.268890
dense1_result[74] = 232.697067
dense1_result[75] = 250.666412
dense1_result[76] = 1084.393433
dense1_result[77] = 0.000000
dense1_result[78] = 0.000000
dense1_result[79] = 226.191879
dense1_result[80] = 0.000000
dense1_result[81] = 120.989151
dense1_result[82] = 243.959564
dense1_result[83] = 180.203568
dense1_result[84] = 0.000000
dense1_result[85] = 46.591022
dense1_result[86] = 0.000000
dense1_result[87] = 0.000000
dense1_result[88] = 0.000000
dense1_result[89] = 0.000000
dense1_result[90] = 28.160858
dense1_result[91] = 0.000000
dense1_result[92] = 0.000000
dense1_result[93] = 307.904266
dense1_result[94] = 0.000000
dense1_result[95] = 0.000000
dense1_result[96] = 120.873299
dense1_result[97] = 0.000000
dense1_result[98] = 0.000000
dense1_result[99] = 0.000000
dense1_result[100] = 785.063660
dense1_result[101] = 179.024582
dense1_result[102] = 0.000000
dense1_result[103] = 0.000000
dense1_result[104] = 475.413208
dense1_result[105] = 0.000000
dense1_result[106] = 0.000000
dense1_result[107] = 0.000000
dense1_result[108] = 208.517624
dense1_result[109] = 459.588074
dense1_result[110] = 0.000000
dense1_result[111] = 0.000000
dense1_result[112] = 278.538788
dense1_result[113] = 771.365662
dense1_result[114] = 0.000000
dense1_result[115] = 674.067383
dense1_result[116] = 0.000000
dense1_result[117] = 378.571350
dense1_result[118] = 164.173965
dense1_result[119] = 0.000000
dense1_result[120] = 0.000000
dense1_result[121] = 175.658066
dense1_result[122] = 0.000000
dense1_result[123] = 0.000000
dense1_result[124] = 0.000000
dense1_result[125] = 0.000000
dense1_result[126] = 0.000000
dense1_result[127] = 0.000000
dense1_result[128] = 0.000000
dense1_result[129] = 470.736542
dense1_result[130] = 158.845428
dense1_result[131] = 136.901245
dense1_result[132] = 649.159546
dense1_result[133] = 113.342377
dense1_result[134] = 0.000000
dense1_result[135] = 445.468781
dense1_result[136] = 0.000000
dense1_result[137] = 0.000000
dense1_result[138] = 0.000000
dense1_result[139] = 332.752899
dense1_result[140] = 0.000000
dense1_result[141] = 0.000000
dense1_result[142] = 577.582642
dense1_result[143] = 0.000000
dense1_result[144] = 215.161026
dense1_result[145] = 0.000000
dense1_result[146] = 0.000000
dense1_result[147] = 0.000000
dense1_result[148] = 226.567474
dense1_result[149] = 0.000000
dense1_result[150] = 0.000000
dense1_result[151] = 0.000000
dense1_result[152] = 743.979004
dense1_result[153] = 0.000000
dense1_result[154] = 0.000000
dense1_result[155] = 25.961803
dense1_result[156] = 309.787659
dense1_result[157] = 0.000000
dense1_result[158] = 0.000000
dense1_result[159] = 0.000000
dense1_result[160] = 0.000000
dense1_result[161] = 269.656830
dense1_result[162] = 0.000000
dense1_result[163] = 0.000000
dense1_result[164] = 349.442230
dense1_result[165] = 0.000000
dense1_result[166] = 276.683380
dense1_result[167] = 0.000000
dense1_result[168] = 775.343872
dense1_result[169] = 316.666016
dense1_result[170] = 0.000000
dense1_result[171] = 0.000000
dense1_result[172] = 106.178848
dense1_result[173] = 0.000000
dense1_result[174] = 0.000000
dense1_result[175] = 218.207458
dense1_result[176] = 0.000000
dense1_result[177] = 0.000000
dense1_result[178] = 74.651421
dense1_result[179] = 0.000000
dense1_result[180] = 0.000000
dense1_result[181] = 0.000000
dense1_result[182] = 724.157471
dense1_result[183] = 0.000000
dense1_result[184] = 46.199203
dense1_result[185] = 0.000000
dense1_result[186] = 0.000000
dense1_result[187] = 0.000000
dense1_result[188] = 0.000000
dense1_result[189] = 0.000000
dense1_result[190] = 0.000000
dense1_result[191] = 45.781979
dense1_result[192] = 537.337952
dense1_result[193] = 0.000000
dense1_result[194] = 867.658508
dense1_result[195] = 87.615891
dense1_result[196] = 0.000000
dense1_result[197] = 0.000000
dense1_result[198] = 0.000000
dense1_result[199] = 0.000000
dense1_result[200] = 28.501719
dense1_result[201] = 531.675903
dense1_result[202] = 332.394287
dense1_result[203] = 449.223511
dense1_result[204] = 184.090057
dense1_result[205] = 198.993057
dense1_result[206] = 0.000000
dense1_result[207] = 0.000000
dense1_result[208] = 447.110413
dense1_result[209] = 0.000000
dense1_result[210] = 0.000000
dense1_result[211] = 0.000000
dense1_result[212] = 201.103653
dense1_result[213] = 420.432709
dense1_result[214] = 0.000000
dense1_result[215] = 752.059204
dense1_result[216] = 0.000000
dense1_result[217] = 0.000000
dense1_result[218] = 531.349060
dense1_result[219] = 0.000000
dense1_result[220] = 0.000000
dense1_result[221] = 0.000000
dense1_result[222] = 879.703979
dense1_result[223] = 0.000000
dense1_result[224] = 0.000000
dense1_result[225] = 764.058289
dense1_result[226] = 0.000000
dense1_result[227] = 156.032623
dense1_result[228] = 651.485229
dense1_result[229] = 0.000000
dense1_result[230] = 558.163208
dense1_result[231] = 89.707962
dense1_result[232] = 37.004143
dense1_result[233] = 145.624725
dense1_result[234] = 0.000000
dense1_result[235] = 0.000000
dense1_result[236] = 0.000000
dense1_result[237] = 0.000000
dense1_result[238] = 0.000000
dense1_result[239] = 0.000000
dense1_result[240] = 0.000000
dense1_result[241] = 0.000000
dense1_result[242] = 0.000000
dense1_result[243] = 0.000000
dense1_result[244] = 0.000000
dense1_result[245] = 8.361984
dense1_result[246] = 290.495026
dense1_result[247] = 0.000000
dense1_result[248] = 0.000000
dense1_result[249] = 19.548349
dense1_result[250] = 0.000000
dense1_result[251] = 119.546432
dense1_result[252] = 0.000000
dense1_result[253] = 567.951294
dense1_result[254] = 508.500305
dense1_result[255] = 0.000000
Finished dense 1 layer
dense2_result[0] = 0.000000
dense2_result[1] = 0.000000
dense2_result[2] = 691.901733
dense2_result[3] = 711.798462
dense2_result[4] = 0.000000
dense2_result[5] = 0.000000
dense2_result[6] = 0.000000
dense2_result[7] = 3224.575684
dense2_result[8] = 0.000000
dense2_result[9] = 601.299255
Finished dense 2 layer
