0.0693364
-0.024267998
0.060973894
0.047049075
0.05833832
-0.018285155
-0.065982126
0.026749028
0.0066101667
-0.06110767
-0.094672404
-0.032239646
0.040415134
0.07305236
-0.03413924
0.07325531
-0.018131975
-0.04330149
0.018250072
-0.053530905
0.07562579
0.012629649
-0.0021981006
-0.05409144
-0.00087131746
0.10718967
0.083121926
0.0152845625
0.06240666
-0.0051313266
0.10128613
0.035363685
0.05046759
0.053260636
0.13225195
0.054048277
0.20545213
0.085415535
0.053931545
-0.04084686
-0.005310722
-0.0073959
-0.08434321
-0.060542464
0.08792949
0.13009223
-0.08654141
-0.0032695623
-0.088536784
0.05983561
0.13349195
0.03022272
0.02503963
-0.020081144
-0.029347874
0.007019416
0.11784931
0.023334041
0.08447569
-0.01644905
0.039785337
-0.03253713
-0.03146805
0.033070087
0.0948412
-0.05436114
0.020341344
0.057568796
0.20378973
0.15684746
-0.03072719
-0.034100667
-0.012080681
-0.055164278
-0.08303389
0.011175485
-0.033034593
0.10588792
0.03048295
0.043702073
-0.042581808
-0.0022042776
0.11841787
0.0049464484
-0.03692182
-0.018575905
-0.07467527
0.11778389
-0.04158731
0.04864809
0.0074267928
-0.054967258
-0.082409054
0.05981965
-0.06561286
0.117067516
-0.037055198
0.015505462
-0.05716243
-0.007951703
0.08521415
0.014363124
-0.02436831
-0.004379521
-0.039151236
0.018954385
0.024254248
-0.036658715
-0.060066257
0.18749578
-0.028336829
-0.076710746
-0.021841086
0.18362853
0.11535292
-0.034796745
0.13440037
0.004945049
0.049292017
0.14147043
0.06252804
0.061097898
0.042577196
0.050134327
-0.07524057
-0.079136945
-0.065234035
0.0025892854
0.05919216
-0.042995226
-0.050598837
0.009515714
0.12257707
0.07753248
-0.016406246
0.07886678
0.07551919
-0.058163144
-0.03611796
-0.064891085
-0.055393953
0.16934855
-0.05682992
-0.006905906
0.114074565
0.17961891
-0.043337263
0.033799145
0.12969203
0.15484206
-0.04283458
0.13574097
0.096634835
0.12794194
0.008783216
-0.092735015
0.097986005
0.032383278
-0.057054844
0.0069371425
0.027117357
0.037757266
0.11313836
0.09261328
0.045563553
0.11003385
-0.08979107
0.07241363
-0.06802104
-0.04134027
0.005872014
0.008503418
0.1403872
0.15258376
-0.07200269
-0.0792464
-0.09916399
-0.098019466
0.017322658
0.0071643577
0.06385125
0.034918923
0.02565561
-0.0894562
-0.021193331
0.13120835
0.18292204
0.08370198
-0.047083344
-0.0654033
0.07404222
0.07807445
0.033339236
-0.07388424
0.043862805
0.0074833026
0.21528654
0.21802548
-0.043285314
-0.060354646
-0.06483399
-0.011696084
-0.021742197
-0.019508172
0.06645785
0.2313238
-0.016785571
-0.047986463
-0.050091308
0.052072234
0.15240467
0.03487697
-0.044850748
-0.024086662
0.000565888
0.0821825
0.09888663
0.021604532
0.14822607
-0.039680604
0.028061246
-0.04584819
0.18429175
0.14261582
-0.022483744
0.07721896
-0.06201413
-0.04985465
0.15835203
0.13088594
0.04249812
-0.08117696
-0.040324125
-0.004356709
0.036596194
0.047932148
-0.068057574
0.2508209
-0.09472444
0.06089993
-0.050118566
0.20690157
-0.023999851
-0.042481255
0.059091385
0.08524647
-0.08131657
0.1088021
0.11130021
0.11813963
0.112443715
0.038821395
-0.044776224
-0.0108455205
0.1534713
0.051158153
0.10294885
0.056717385
-0.052216265
0.06296089
0.03795176
0.17198563
0.104816355
-0.009359475
0.015661655
-0.08890795
-0.04052983
0.0146957515
-0.06909322
0.2293584
0.042442717
-0.009079299
-0.014524732
0.23151481
0.09295553
-0.01963865
-0.022224883
0.1352426
0.033086516
0.05157433
-0.047018163
0.20162675
0.20010415
-0.04402288
0.029776162
-0.06937257
0.0076861116
0.019102879
-6.2071274e-05
-0.037833594
-0.038221274
-0.10303747
0.12220313
0.16652843
-0.0008256668
-0.06997549
-0.07906904
-0.037982047
0.040436927
0.015060585
0.026319483
0.11055381
-0.037105788
0.044619765
0.03733961
0.19380638
0.031693414
0.046284474
0.15501621
0.07654255
0.059955876
0.073024325
0.08169864
0.13945425
0.16638938
-0.006880602
0.0478253
0.024812538
0.03912929
0.048036743
-0.071453184
0.08523201
0.022067565
0.13800037
0.16631173
0.23680456
-0.07184248
-0.042816915
-0.05328738
-0.07143629
0.015939856
0.08737979
0.15572265
0.15833677
0.02430603
0.03329606
-0.018568585
0.07383925
0.021541009
-0.039428394
-0.030441519
0.027530154
-0.012168952
-0.0421421
0.13415913
0.094981946
0.20014007
0.12562548
0.0763534
-0.073488995
0.21572228
0.11752798
-0.08096595
-0.010991185
0.08416872
0.12851153
0.10148823
0.338678
-0.0052129757
0.041912347
0.011429873
-0.07260278
-0.011957351
0.047701813
0.03466094
0.10455725
0.06602404
-0.057713754
-0.053622335
0.032382756
0.046835743
0.05610023
-0.009367874
0.13816734
0.014137877
0.04595587
0.05205917
0.06872243
0.22925006
0.076509096
0.11589332
-0.02996968
0.21573251
0.09916956
-0.016334442
0.07185783
0.08238809
-0.020016646
0.12516193
0.30941838
0.013593998
-0.023622535
0.027361378
-0.032337565
0.06585811
0.029208155
0.010221619
0.112584986
0.030182999
-0.020520668
0.07038843
0.23914619
-0.023431974
0.12904917
0.09443187
0.15179637
-0.07285048
0.16194174
0.005002145
0.11751744
0.14702599
0.026877226
0.20386297
-0.0059878915
0.25381947
0.0779603
0.08698899
-0.0016754456
0.0056896126
-0.0743833
0.058220953
0.22247349
0.03978418
0.07853755
-0.09165496
0.0010264262
0.0047037997
0.116289325
-0.067047305
0.1858217
0.020708926
-0.08676392
0.0403361
0.20847316
-0.08552953
0.19944906
-0.013582598
0.17773217
-0.07013209
0.22297652
0.049951334
0.11671467
0.07547969
0.00509965
0.17659757
0.09009792
0.22574033
0.07713521
0.09417441
-0.066581786
-0.005798322
0.029374482
-0.0049630203
0.11976321
0.011470528
-0.03900795
-0.058148913
-0.025430916
0.08113924
0.072385535
0.06414664
0.124182016
-0.06403415
-0.0050012064
0.15037325
0.12571867
-0.013954948
0.15675393
0.034769945
0.1320454
0.057656396
0.02069073
0.08240169
0.16001946
0.16305941
0.0009018763
0.16625892
-0.0035046963
0.081526764
-0.024119705
-0.10730383
-0.059902277
-0.072009414
0.091921724
0.07497454
0.18253839
-0.07686977
0.049034853
-0.0031863959
0.063599564
0.078669384
0.11591473
0.20378378
0.04659219
-0.06268666
0.07427422
0.064489685
0.074962296
0.070398696
0.108537965
-0.04179732
0.107279465
0.07216426
0.042993106
0.1043808
0.10091488
0.08565287
0.07619322
0.13961996
-0.041978415
0.03451736
0.017329523
0.057246808
0.06643814
0.04409004
0.011380049
-0.019809736
0.29913756
-0.04991561
-0.08048159
-0.016103007
0.05780202
0.063228875
0.09563738
0.16428034
-0.011214847
0.0177397
-0.07100916
0.14803346
0.092712775
0.061563756
0.1055638
0.0017766511
0.009906524
0.073529676
0.14110412
0.07104751
-0.026592301
0.0041004205
0.018463127
0.19859013
0.04390466
0.1764925
0.09873054
-0.05659055
-0.049098272
-0.038316574
-0.01403146
-0.011442118
0.12165425
0.11792736
0.082004726
0.059667714
-0.027605217
0.11967921
-0.025846805
0.120260425
0.03782413
0.006232134
-0.009672005
0.14009319
0.2082622
-0.073653355
0.24515457
-0.003218529
0.032630477
-0.06847505
0.14094013
0.041406985
-0.075746216
0.026444295
-0.03901161
0.07339567
-0.031769246
0.15178621
0.009817594
0.022865891
-0.014041793
-0.015174274
-0.0528855
-0.08219177
0.076955386
-0.001524962
0.038338546
0.03445575
0.1091391
0.16106328
0.039777707
0.13704032
0.20666738
-0.043667402
0.008304597
0.04447014
0.15225272
0.02675233
0.1865433
-0.0274814
0.099120446
-0.03485896
0.060066216
0.032058198
-0.037289653
0.02340622
-0.07242459
0.23734426
0.08154721
0.23234694
-0.034747843
-0.005362815
0.04628621
0.05052303
-0.02231288
-0.105642796
0.14290234
-0.028202819
0.08140793
0.03493271
0.10733838
0.13370164
-0.027245795
0.09261853
0.20877372
0.076742075
-0.06587624
0.05125319
0.15345931
0.026578402
0.21605612
-0.032681506
-0.042374346
0.030345561
0.13110845
0.123490155
0.07394135
-0.014392511
-0.0370808
0.21831277
0.04452562
0.113805704
0.057104077
0.0273693
-0.0044284486
0.0446467
0.03187302
0.10137932
0.18001348
-0.047108058
-0.016369944
-0.015658429
0.121115
0.08580686
-0.04765368
0.16035864
-0.051833995
0.016850488
-0.049310062
0.18424164
-0.014984308
-0.018423028
0.02914837
-0.04566336
0.07206902
-0.0058809104
0.060578264
0.0010579245
-0.061345607
0.100623935
0.087113634
0.06883957
0.077647306
-0.10295314
-0.06732057
-0.03415206
-0.06676279
-0.06657207
0.057326365
-0.014933705
0.21905585
0.10422009
0.018016618
-0.022484718
0.08673606
0.106098056
-0.02811356
0.17847715
0.0034072462
0.05862756
0.01298861
0.11925913
0.107666515
-0.00032758256
0.10705764
0.013094001
-0.075887606
-0.06721907
0.12521817
0.09329871
-0.10748437
-0.027632507
0.13294478
-0.011180734
-0.043478906
-0.09378809
0.012767043
0.018784462
-0.076242775
-0.046896327
-0.031131819
0.0479247
0.13416019
0.12176951
-0.06497822
0.005734157
0.057725217
0.060434844
-0.07592558
0.1860059
-0.057045627
-0.015483202
0.006350103
0.1549281
0.12754303
0.06761275
0.19113132
0.0013497354
-0.08579665
-0.04925751
0.19315054
-0.022712685
-0.0793573
-0.01793437
0.059234664
0.056381866
-0.021172116
-0.043187007
-0.00554366
-0.032283325
-0.043106697
0.052635346
0.0031744426
0.022038465
-0.0071456735
-0.05267989
0.011317813
-0.067875154
-0.023971776
0.052349385
0.015436442
0.059792176
0.14406672
0.05432503
0.082040556
0.097624846
0.056367077
0.063146636
0.1803779
-0.051582865
-0.06873842
0.033618774
0.18152918
0.14252442
-0.11235548
-0.095876016
0.050540056
0.009742068
-0.032479562
0.08823327
-0.08728117
0.10921389
-0.063232005
-0.0012621443
-0.046058405
-0.097925335
0.021166682
0.025234321
-0.07674674
0.09256178
-0.0102486545
0.12359226
0.00819667
0.17001812
0.16715126
-0.030640919
-0.0821785
0.14663516
0.06033688
-0.08775713
0.040148932
0.06902241
-0.02032853
-0.010845763
0.045794386
0.121742524
0.04773558
-0.019031947
0.005285008
0.06079442
0.0952415
0.13893451
0.025084514
