0.018482605
-0.0023747247
0.011959245
-0.0019354122
0.010942621
-0.011753111
0.0030964448
-0.024877537
-0.009312175
0.008736687
-0.018332358
0.033593815
0.00017737148
-0.010583024
0.002252687
0.006980371
-0.008149016
-0.0056160055
0.011979407
0.0013945819
0.0060222396
0.004897984
-0.01347027
0.016293302
-0.010908325
-0.0039947713
0.012701975
-0.00057869934
0.027926452
0.0017481075
0.011857791
-0.003087317
-0.008678836
-0.003189556
0.013607915
0.0043853135
0.016741145
-0.006681418
0.024570214
0.006446897
0.016488822
0.010685422
-0.00037245575
-0.0020834042
-0.0006684925
-0.009433224
0.030154428
0.0007788029
0.028231258
0.024511028
0.004718676
-0.023044117
0.0034290792
0.023234263
-0.024844013
0.01076255
-0.005520306
0.013113551
0.006883109
0.00022290178
-0.008550412
0.034507025
-0.0025000104
0.0029733614
