0.12787677
-0.11204456
0.124927625
-0.010061101
-0.07393378
0.04384592
-0.05076301
0.037995607
-0.16680002
0.048265252
-0.04718648
-0.009165235
0.12327489
-0.033848066
0.10441555
0.067133
0.023395902
0.10292707
0.0984244
0.10514354
0.0074425032
0.053804643
0.11974778
0.04670363
-0.14891823
-0.01877964
0.11658656
-0.093988255
0.06769005
-0.15829298
0.047551893
0.043287482
0.026659478
-0.13539816
0.065243535
-0.009925428
0.09530883
-0.070592925
0.12040109
-0.045311715
-0.09268355
-0.08007449
0.12789574
0.06469726
0.12156353
-0.061637443
-0.11228019
0.12254528
0.0642651
0.124195784
-0.01168298
-0.07004127
0.00802166
0.06695187
-0.06760004
-0.067432605
0.12949097
0.01095536
0.05209555
0.11553197
0.015834376
0.020218978
-0.03340634
-0.12983066
-0.0017665225
-0.042583104
-0.12640856
0.19978839
-0.13062236
-0.058186978
0.13882183
0.12937687
-0.025117494
0.052581172
-0.1365763
-0.017320523
0.13111311
-0.016634343
-0.09349934
-0.026969269
0.11441123
-0.14703394
-0.10910477
0.02019571
-0.11558423
0.17740183
0.038465276
-0.052901555
0.020217394
0.0329427
-0.1381415
0.014753729
-0.10684736
-0.11723099
-0.09346908
-0.018395454
-0.13023941
-0.0074673444
0.07260813
0.03667566
-0.14564995
-0.10169795
-0.027764466
-0.013215481
0.12278305
0.025765995
0.054466885
0.060496032
-0.16165946
-0.12245506
-0.08192484
0.13022493
-0.022246264
-0.12282127
0.0013490289
0.13857058
-0.16133446
0.1593678
0.045132253
-0.1254458
-0.098887436
-0.13617991
-0.058471397
0.045987103
-0.01437507
0.10006231
0.0814218
-0.019696249
-0.10995699
0.09827309
0.09763511
0.069944784
0.07006874
0.08731079
-0.09496765
0.11071281
0.09059156
-0.17303227
0.124068886
-0.14398935
-0.009183081
-0.016222164
-0.083164975
-0.00368356
-0.08270536
0.023763202
-0.09371269
-0.08722801
0.052877173
0.10628517
-0.10103007
-0.1218966
-0.038218655
-0.111617684
0.0531564
0.12590286
-0.1755973
0.057959195
-0.19240211
-0.0082736
-0.113846414
-0.072795846
0.05500565
-0.1393372
-0.023615912
-0.05782324
-0.104199566
0.051635347
-0.024107702
0.12773588
0.0128956465
0.10783719
0.09209943
-0.15007703
-0.0070312014
0.0050485283
-0.08258773
0.104530245
0.051997624
0.009618769
-0.028658556
0.0048164027
-0.0881201
-0.11594353
0.1526613
-0.052594725
-0.07871171
-0.086029
-0.12201598
-0.07647832
-0.1583472
0.0055625243
-0.068139985
0.040490013
-0.08015873
0.13394737
-0.11065609
0.1032933
-0.10096495
0.092876226
0.07801182
0.15088859
0.07849185
0.09799992
-0.112142004
0.09611682
-0.06629073
-0.118349925
0.11848927
-0.011056704
0.057022914
0.026126262
0.10888438
0.13213679
-0.14925362
0.13781479
0.035378937
0.16506398
-0.0018757734
0.054921307
0.085193515
-0.099897265
0.0077361185
0.018322429
0.012939131
0.17436448
-0.07697044
-0.07471415
0.113178216
0.09726174
0.07886345
0.044587318
-0.16981076
-0.11771766
0.13310193
0.06858147
0.08269912
0.11838386
0.05656838
0.047103133
-0.04949621
-0.14906889
-0.0327452
-0.034127966
0.055776305
-0.09837431
-0.030593425
0.032149374
0.089350775
0.023095714
-0.09316936
-0.026624568
0.15164685
-0.08124302
-0.115409896
0.0034333281
-0.021386262
-0.025118466
-0.08955805
0.0070424723
-0.08101916
-0.12425047
0.026424095
0.08122126
0.07815727
0.05595947
0.040563576
-0.07767238
0.12648015
-0.018278725
0.057478495
0.018552104
-0.03939585
-0.15427028
-0.11270928
0.05803512
0.06714138
0.026457245
0.16825612
-0.023169205
-0.05298065
0.14944302
0.057104733
0.12928653
-0.127176
-0.11462602
0.015067189
-0.031147731
-0.03268719
-0.07547557
-0.05331687
-0.049448777
-0.098606095
0.11656267
0.049170226
-0.08001334
0.079137556
0.13907586
-0.12473208
-0.011157717
0.03886365
-0.08342902
-0.089437895
-0.094445564
-0.109804206
-0.009977816
-0.09358383
-0.15776367
0.18555133
-0.11106656
0.12812647
0.031141562
0.050650652
0.019077778
0.10299653
-0.090447575
-0.14368202
-0.08053175
-0.001708612
0.13508251
-0.12101549
0.0977138
0.09761028
0.072777554
-0.10283683
0.0457835
0.028796874
-0.0017948115
0.004786443
-0.06688629
0.047829065
-0.0034206116
-0.07420841
-0.018788816
0.022782955
0.003243299
0.04113046
-0.122664414
-0.08479313
-0.09917881
0.1300028
-0.15544513
0.16683894
0.11564379
0.06847942
-0.10195523
-0.00021527844
-0.039356004
0.14766064
-0.112908736
-0.1049974
0.022876263
0.10803342
-0.01328071
-0.16103569
0.13189714
0.110553004
0.040754158
0.01486661
0.11037974
0.032268476
-0.014216499
0.04392534
-0.03409612
-0.06215439
0.011792918
0.14664154
0.11332683
0.025256872
-0.026413895
0.036110807
-0.07569266
-0.15661642
-0.16190343
0.08747495
0.096159846
0.14292873
0.03743721
0.13588028
0.09337227
-0.17325115
0.06255924
0.018744994
0.13881199
0.14675708
-0.02791672
0.07722723
0.061894756
-0.012574331
-0.018725932
-0.027085373
0.15318464
0.050968196
-0.13866913
-0.07102017
-0.057094116
-0.16663356
0.15934215
0.024441538
-0.07703752
-0.15830182
0.051222626
-0.04873274
0.04674909
-0.16294055
0.036157753
0.023671843
-0.12521733
0.04101066
-0.15816376
0.017763367
-0.13673586
-0.14553505
0.15282242
-0.040503204
0.09262493
-0.101674326
0.15217976
-0.10509334
0.019899422
-0.1419662
-0.02846303
-0.014733256
-0.14784493
-0.020545516
0.09473653
0.054514434
0.04289025
0.1490105
-0.08458401
-0.015657252
-0.08707002
-0.03478264
0.12254804
0.021363324
0.01368677
0.052982308
-0.0953266
0.062900096
0.032420788
-0.04025149
0.012978571
-0.0058366493
0.05671562
-0.13292712
-0.08620843
0.10498488
-0.12833354
-0.10822372
0.07482817
-0.086870134
-0.16678388
0.13775726
0.035770614
-0.15068376
-0.037155647
0.06800927
0.14452462
-0.030213377
0.05651877
-0.16951123
-0.1802416
-0.025090251
0.0335886
0.122590706
0.08840937
-0.1540092
0.015708148
0.0564039
0.08039347
-0.05828049
-0.10341444
-0.10926875
-0.15329379
-0.09541967
0.023506299
-0.12446831
0.094663665
-0.12903184
-0.13850093
0.11923829
-0.00013185093
-0.14709236
-0.16182701
0.17482258
0.11851271
0.04061469
-0.0121080205
0.07977949
0.09059163
0.12707162
0.010249424
-0.014429441
0.046526577
0.12499694
0.07399254
-0.026744762
0.09799149
0.06928719
0.052757792
0.09485186
-0.056452986
-0.12570883
0.050163977
0.060833577
0.032609798
-0.004510118
0.0694033
-0.06049982
0.123464234
-0.06844734
0.02802849
-0.0001948827
-0.004028613
-0.068115436
-0.012283655
0.14947614
-0.16627188
-0.0026310936
0.11586154
0.11904409
0.13926446
0.09447107
0.05788944
0.14477916
-0.004599144
-0.09552777
0.11984718
-0.05928657
0.06601464
0.08761952
0.1292196
0.015512013
-0.04590951
0.14273609
-0.006374163
0.0036000912
-0.041065898
-0.11085456
0.044639196
-0.16641815
0.16617711
-0.031959817
0.09508713
-0.111763
0.09392541
0.030978525
-0.066378936
0.106864795
0.02360856
-0.041153822
0.16800849
0.11843324
-0.00092056097
-0.16539168
-0.10645019
-0.18127134
0.17323884
-0.10095912
0.118678056
-0.12658755
-0.11078965
-0.12677799
-0.0419197
0.08049891
0.13398147
-0.054942086
0.13686004
-0.056872904
0.14546347
-0.014305299
0.08424371
-0.13055094
0.072915986
0.035657994
0.058987673
0.01137551
0.10125801
0.14003326
0.10927955
-0.07741659
0.05514038
0.07364528
0.04336751
0.13164972
-0.1257504
-0.0009126539
-0.02643862
-0.0586492
-0.13765217
0.062798634
0.06962426
0.07461122
-0.014721533
0.089255676
-0.15286872
-0.084025055
0.04046066
0.012775324
0.04027309
0.027366942
0.011111154
-0.09084263
-0.11849178
0.08995245
-0.14104004
-0.11831998
-0.005294542
0.14583027
-0.010618745
0.003640305
0.065773025
-0.15156578
-0.13765353
0.14060923
-0.07482844
-0.11394909
-0.015545902
0.06981882
0.16493659
0.1278157
0.1493452
0.17646366
0.13136241
-0.15214305
-0.16662094
0.037549272
0.09506096
0.0754565
-0.122864306
0.06748869
0.06534236
-0.0076955566
-0.124091186
-0.07275704
-0.049071934
-0.10248848
0.10614707
-0.10685067
-0.17660972
-0.058822937
0.1772597
0.13700575
0.15335137
0.10472731
0.084359996
-0.059344575
-0.115301855
0.14562525
-0.08703313
0.047869805
-0.042569023
0.12796633
-0.114017874
0.06641198
0.10647927
-0.021675745
-0.011505235
0.065884866
0.11244623
-0.07611824
-0.011170849
0.1382992
-0.003836885
-0.06266902
0.01719053
0.1218839
-0.0803257
0.0867171
-0.055623807
0.053940285
-0.10905008
-0.13705689
-0.11853389
0.023190672
0.07209325
0.1575132
-0.022604467
0.026178196
-0.080934
0.13824542
-0.0062871072
-0.05727748
0.15886398
0.010894777
0.04526678
-0.1040574
0.066905305
-0.110525645
0.09730122
-0.052732106
0.12825146
0.001091686
0.08025658
0.17164166
-0.0609566
-0.059465207
0.17826152
0.014014496
-0.040066086
-0.116234526
0.049320973
-0.05997104
-0.10517023
0.056959998
-0.058709167
0.1355539
-0.0771442
0.14289925
-0.036554467
0.12108133
0.038697556
0.1758447
-0.0020334467
0.108603
-0.083374135
0.16570938
-0.10076537
0.13979918
-0.16850632
-0.007056628
-0.08376228
0.15555848
0.13142812
-0.14129554
-0.015068611
0.043553714
-0.08355759
0.04355271
-0.14582984
-0.0012548593
0.044865172
-0.014887963
-0.00312452
0.08576874
-0.0064343605
-0.10480538
0.024136895
-0.02875578
-0.1385033
-0.017219717
-0.0962096
0.101352446
-0.107493885
-0.09047421
-0.012458881
-0.15506935
-0.005814854
0.16229936
-0.15703394
0.14709234
-0.069721
0.16889709
0.13256104
-0.20471905
-0.037440054
-0.07122574
0.0054536425
0.14056312
0.1373375
0.13541639
-0.09974855
0.10570987
0.09646369
-0.15154637
0.105634466
-0.15460336
0.10845317
0.088991724
0.068348385
-0.10928509
-0.11304916
0.0794566
0.15469372
-0.09289083
-0.023100246
-0.17265727
-0.1334997
-0.055519924
-0.06537818
-0.0068063196
-0.09899987
0.13802166
0.046337225
-0.112898715
-0.017042857
0.030920941
0.08964132
0.0053070798
0.1171772
0.06541628
-0.04066055
0.0057901097
-0.094670035
0.0073280036
0.17014883
-0.10099796
0.04831239
0.118049845
0.105312206
-0.118335396
0.11547069
0.1231397
-0.15720417
0.015273995
0.013273694
0.032390933
-0.09407802
-0.04625558
-0.07993409
-0.070418745
-0.10930343
-0.007438512
0.02214085
0.10498404
-0.017514566
0.018441968
0.0014034873
0.09209878
0.10953621
0.1482474
-0.13050929
-0.099323735
-0.006517374
-0.061126035
0.084578656
-0.14008617
-0.013905234
-0.014602445
0.055583328
0.06583124
-0.16029261
-0.093906045
0.051228877
-0.13348635
0.15250319
0.05979844
0.0011834742
-0.09800256
0.106379084
0.121813655
-0.15841825
0.09070122
-0.010982661
-0.1529977
-0.010388377
0.1245053
-0.05786818
-0.089705884
-0.11412739
-0.024781689
-0.10607859
-0.02626351
0.050694924
0.12102548
0.016929373
-0.13541558
-0.046300415
-0.133821
0.11159579
-0.11842905
-0.0088826185
-0.033235908
-0.0022651884
-0.0010233527
-0.114647515
-0.04730601
-0.115311325
0.0033085616
-0.047778036
0.031884693
-0.14560208
-0.10032823
-0.1110883
-0.08326086
-0.06337624
-0.14604063
0.0905473
0.12232971
-0.08825144
0.104651526
-0.12410754
-0.08805625
0.14253344
-0.071536124
0.12165407
0.0059583453
-0.17379923
-0.002487527
-0.11435092
0.056042362
0.045745526
0.080931805
0.029912982
0.031620473
0.11662339
0.070373215
-0.115612775
-0.09010708
-0.12458593
0.030055726
-0.14067642
0.13774513
0.119303875
-0.052168068
0.12974842
-0.02836484
-0.04169745
-0.15385136
-0.06702501
-0.0908419
0.06547592
-0.00015248521
0.058775134
0.052942287
-0.036774755
0.1283863
-0.1542378
0.049824625
-0.039669517
0.13191012
0.13888271
0.020465901
-0.104973644
-0.0738744
0.15536377
0.0726029
0.014345316
-0.047357194
-0.062400512
-0.15962134
-0.053973958
0.119285725
-0.060951952
-0.04212377
-0.16303578
-0.1642858
0.14552012
-0.14607228
-0.11766561
-0.014872592
0.05890426
-0.17339642
-0.097834066
0.07644698
-0.10566385
0.004606891
0.039063618
-0.004394527
0.14961201
0.12580857
0.11426689
-0.080324255
0.12520717
0.026625171
0.04595169
-0.06379829
0.0345654
-0.0501892
0.009827021
-0.11726525
0.15213299
-0.17088951
0.0373866
-0.0032651522
0.031369057
-0.07294034
-0.007025193
0.101457335
-0.097339585
-0.053843625
0.16087793
-0.025315842
0.09823346
0.061436843
0.0054550734
-0.0673794
-0.15223658
0.020580936
0.09657154
-0.024766292
0.12774119
0.15471368
0.030151334
-0.0968343
0.09981343
0.15175822
-0.14997554
-0.0392827
0.008936822
0.047428537
-0.1760681
-0.079382725
-0.13143095
0.15270437
0.08734606
0.05097024
-0.13120082
0.05921505
-0.150428
-0.069654964
0.029894428
0.033111464
0.117532134
0.13097629
0.037818987
-0.116676286
0.121808894
0.06668855
0.122887395
-0.15896131
-0.08260929
0.092446096
0.11461286
-0.022956278
0.054754853
-0.16907787
-0.0034575395
0.10166072
-0.15787159
0.0068385256
-0.054720316
-0.15982951
-0.13443008
0.15521634
0.04468841
0.14002013
-0.079983994
0.061881594
-0.17349736
0.06449918
0.07225429
0.12083033
-0.13120076
-0.13445039
0.061938293
0.1396722
0.098783635
0.107343584
0.021807564
0.14219216
0.04699493
-0.008164741
-0.037004728
0.007684263
-0.027028538
-0.042054087
0.096315384
-0.014175181
-0.122482456
0.04812995
-0.051088516
-0.10671202
0.03331551
0.09232732
-0.1388462
0.13403611
-0.082737304
0.14117755
-0.117992006
0.036275417
0.1127234
-0.14903672
-0.03537814
-0.08637198
0.11607574
0.11478129
-0.087919414
-0.11905536
0.018104216
0.07619299
0.07008811
0.049808938
0.096462674
0.088562235
-0.06763632
0.15462089
-0.14981179
-0.018900147
-0.19393446
0.04967494
0.10992703
-0.10953964
0.028907474
-0.03400162
0.11950853
0.0017796562
0.09606337
-0.029211434
0.092330255
-0.1269662
-0.13027638
0.08643445
0.11404766
-0.11230691
-0.119694024
0.0416479
0.03890368
0.04976073
0.0061420514
-0.101921506
0.09874373
-0.12458456
-0.15873218
0.17440234
0.014286867
0.0464702
-0.08148982
0.11544848
-0.08310021
0.09669139
0.08418587
-0.040352248
-0.014627756
-0.114212416
-0.14459537
0.06791666
-0.14341721
-0.1502114
-0.046920564
-0.045227613
-0.044994615
0.07269067
0.050025858
-0.119882464
0.07494242
-0.16903901
-0.0087450165
-0.07666226
-0.13218936
-0.061487243
0.12530105
0.046141185
0.07567182
-0.07543356
0.05000041
0.01909378
0.13484831
0.09946533
-0.1598107
0.11827926
0.14594434
0.17563495
-0.09897416
-0.13353652
0.12342453
0.01794704
0.032811057
-0.10071112
0.06808999
0.117140606
-0.12989995
0.13415343
0.13818811
-0.15863921
-0.12664469
-0.051740523
0.1386642
0.024733271
-0.009757439
-0.09696684
0.02911822
0.045443267
-0.1292006
-0.12843071
-0.05028483
-0.067943215
-0.14845139
0.084458716
-0.15663002
-0.08256253
-0.16863582
0.10625599
0.074503146
-0.080267
0.065262645
-0.08907057
0.061743535
-0.11553547
0.07998388
0.0022790718
-0.0281723
0.11593866
-0.08237441
-0.051830802
-0.020260638
0.037358776
-0.06472999
0.05818391
-0.017930217
0.12364661
-0.13805464
0.028132526
-0.06319607
0.07523219
0.005030329
0.11980977
-0.060983848
-0.0025335385
0.09455788
-0.10614046
-0.11133571
0.103517644
0.096204914
-0.15548402
-0.06298192
-0.103849456
0.07785951
-0.07709204
-0.0840413
-0.036769252
0.07511191
-0.16005978
0.10636789
-0.048556488
0.086004406
-0.056226574
-0.061805096
-0.17208822
-0.013709699
0.13544863
-0.122890495
-0.08981755
-0.0011577014
0.101382494
-0.07889956
0.14469168
0.0019157109
-0.13299875
0.10229737
0.14493676
-0.14838755
-0.11015773
0.034568746
0.008081833
0.09619636
0.14312832
-0.05374845
-0.1704811
-0.028735593
-0.12225361
-0.044867963
-0.11194916
-0.078894824
0.12019372
0.045414463
0.091095895
0.062426537
0.12831703
-0.104052946
-0.08513612
-0.100029506
-0.1345943
-0.14505638
0.020908609
-0.14419597
0.058931034
-0.13213734
0.06998758
-0.13071933
0.077669375
0.13214162
-0.015274761
-0.14729846
0.081866674
-0.119274996
0.13347425
0.01835647
0.1048477
0.02693596
-0.02097646
-0.07704766
-0.08620877
-0.041260224
0.006019828
-0.116221815
0.08181644
-0.13793994
-0.16187982
0.0055001737
-0.07525723
0.08737527
-0.059706777
-0.10835882
0.0253041
0.13768443
0.037606645
-0.15189768
0.14037804
0.15206115
-0.02141102
0.11032305
0.053308133
-0.027843602
0.021754537
-0.17451105
0.076323986
0.15746029
0.010474386
0.13562147
-0.11035563
-0.084394984
-0.1515037
-0.050000634
-0.088669404
0.07520854
0.030945556
0.09259865
0.047753505
0.037058096
0.08741278
0.07958598
0.095284075
0.019853434
-0.11661098
0.103783704
0.019948503
0.06212348
0.040191922
0.036349196
0.118295565
0.13124256
-0.032769963
-0.075962275
-0.15674318
-0.06116625
-0.097214974
0.15604994
0.045044795
-0.077528186
0.14118342
-0.08110976
-0.035704855
0.10711644
0.12061945
-0.11957536
-0.18027961
0.042750515
0.0586473
0.1425179
0.111719586
-0.025906712
0.034472603
0.0024206503
-0.015980342
-0.15237544
-0.10012311
-0.15371764
0.13246341
0.003914327
0.09809414
-0.13133341
0.16205427
0.14598681
-0.03557782
-0.0962664
0.08401109
0.056238834
-0.06964421
0.10077142
0.05787739
0.14689177
-0.085531145
-0.07553005
0.1611998
0.07496395
0.07681947
-0.12973315
-0.0930411
0.10485748
0.13231859
-0.09927303
0.09485471
-0.042917054
0.13793421
-0.048190925
0.06942429
0.09331177
0.07606754
0.040605083
0.043164223
0.09125509
-0.075976446
-0.11544162
0.031888623
0.12821375
0.03439817
-0.04958343
0.051534284
0.08992754
-0.14285123
-0.12992665
0.009076277
0.08498081
-0.18679923
0.07154428
-0.15572806
-0.033531245
0.06773235
0.06365571
0.08707213
-0.06094826
0.15958208
-0.024903897
-0.13734317
-0.055023376
0.13881266
-0.101262026
-0.02910837
-0.15105121
0.07930417
0.06039323
0.057343647
-0.0020780861
0.088667795
-0.124526136
-0.104952715
-0.008447647
0.08998239
-0.13984515
0.08461838
0.107766874
0.009913113
0.07125238
-0.058435548
-0.084748514
-0.14735141
0.16996609
-0.096921004
0.020606678
-0.036240015
0.09040437
0.11491254
-0.09383452
0.14041595
-0.15341137
0.07589753
-0.1067192
0.087506585
0.10168311
0.1374901
0.111541204
-0.06699622
-0.06568034
-0.09495375
0.08513789
0.10376288
0.12509288
-0.15718313
-0.001196088
-0.005810387
-0.019956948
0.08610576
-0.009463606
-0.10707408
-0.058702786
0.08584639
-0.02714198
0.0035282585
0.13273558
-0.034343503
-0.0263088
0.03668592
-0.09438617
0.0781922
0.14767568
0.15811493
-0.13435271
0.014456478
0.07736184
0.02543349
-0.17749754
0.097667955
-0.12091424
0.12099925
-0.086128004
0.06694729
0.032843277
0.10325016
0.12489196
0.045970265
0.06176788
0.12407798
-0.13438858
0.024128094
0.10241762
-0.09750073
0.06400417
0.16485596
0.12856062
-0.11494937
0.10343819
0.14273983
-0.14804095
-0.06438681
0.056617945
-0.13388515
-0.03306001
-0.11462568
-0.13313109
0.037378006
-0.10273455
0.03264437
0.08002659
0.047815364
-0.052954845
0.10177396
-0.07770475
-0.15522173
0.07502753
0.009353482
0.018633978
0.021002106
-0.16473497
0.061103877
-0.18206097
0.01151518
-0.010710882
0.031262893
0.07368827
-0.06984603
-0.057022557
0.10511109
-0.13436253
-0.16723089
-0.09929009
-0.052973352
0.17208865
-0.08692239
-0.13338237
-0.12706874
0.065042436
-0.13746601
-0.08033615
0.03552621
-0.10198516
0.12930506
-0.13313001
-0.10109093
-0.07192456
-0.049156845
0.066536844
0.12298746
0.08634042
0.013708587
-0.0026583835
-0.07722448
-0.054971557
0.061436784
-0.07443664
0.13859463
0.11513516
-0.06902132
0.10822571
0.076643415
-0.15727045
0.14069708
0.10249123
0.09865717
0.067040235
-0.029465606
0.10902214
-0.17115387
0.11334324
-0.09031873
-0.12406608
-0.009494849
0.061141636
0.08195051
0.10627143
0.14559285
0.13485551
0.1407012
0.1105362
-0.042732064
-0.03587605
0.14294264
0.108053856
0.13997953
0.05869284
-0.03293755
-0.18081406
-0.046472386
-0.14853548
-0.11799319
0.049567074
0.02489227
-0.16187988
-0.029253704
-0.071217716
0.07551024
0.028710917
-0.13658085
0.14731717
0.08786226
-0.072578326
0.0621388
0.016148763
0.057527732
-0.015452031
-0.18454888
-0.13195658
0.028222136
0.092006594
0.069342665
0.0064399354
-0.12376027
-0.13920768
-0.050020322
-0.15314183
-0.1353373
0.02938318
0.0358914
0.07869574
0.03966489
-0.16827738
-0.003962449
0.026074553
-0.0049544754
0.07616861
0.04683623
-0.016327316
-0.13449751
-0.041518815
-0.14268641
0.044106614
0.17050183
0.0054663634
-0.15883848
-0.067192465
0.0567583
-0.11752575
-0.09658753
-0.09968559
-0.0934196
0.012687856
0.030174857
-0.124142915
-0.087363586
0.054164674
-0.14248675
0.052034266
0.12772177
0.027979758
-0.104048446
-0.15198888
-0.1826212
0.0782355
0.012870674
0.15340032
-0.110702366
0.1362404
0.15255374
-0.05812829
-0.03204559
-0.14822292
0.100569636
0.10393638
-0.1701176
-0.03451411
-0.008001057
0.0020806652
0.035588942
0.06793413
0.12063055
-0.022115551
-0.1605249
0.07334168
0.03611831
-0.09289269
0.014657301
-0.044289727
0.1406521
-0.081649214
-0.07896405
-0.13760391
-0.11095719
0.06559092
-0.0066610356
0.032886136
-0.17711534
0.13383026
0.0626936
0.08792184
-0.016750667
-0.11871017
-0.19915006
0.12971711
0.123055495
0.12611303
0.02399568
0.015236691
-0.13912115
-0.16261955
0.12705694
-0.060141236
-0.1645334
0.009821077
0.014541561
0.05901228
-0.13406782
-0.09685466
0.07171062
0.049149305
0.14897041
-0.0033434082
-0.08831703
0.12286869
-0.07815706
0.012382252
0.07751402
-0.08971706
-0.008916661
-0.086742274
-0.025954545
-0.007170245
-0.08058599
0.07533534
0.08139974
-0.101461515
0.114831194
-0.082934104
0.0021951573
-0.042523492
0.14528225
0.12819391
-0.09747798
-0.040705547
0.13845788
-0.091850534
-0.09052251
0.13657288
-0.052868914
0.061212357
-0.070005625
0.15371205
0.12104233
-0.01113635
0.007387074
-0.10491355
-0.16258225
-0.060543243
-0.08312644
0.054616816
0.12540303
-0.117184766
0.12155596
-0.11587602
0.03542581
0.05045137
0.16306932
0.06536458
-0.14442542
-0.029718293
-0.15922324
0.17170317
-0.11234292
0.106893435
-0.09446052
-0.0923422
-0.10605963
0.120323844
0.07372671
0.15620755
0.07713842
-0.04403083
-0.16029312
-0.10753981
-0.14793237
0.14334564
-0.08364455
-0.1062618
0.014068848
0.14353672
-0.040546123
-0.015183141
0.08957546
0.07392898
-0.03644483
-0.02702328
-0.1141889
0.14348489
0.1400533
0.10414026
0.07097522
-0.09869138
0.009630152
0.051211476
0.14527823
-0.14817595
-0.008344603
-0.08372316
-0.13189617
-0.102445774
0.068963096
0.08204942
0.15718518
-0.10219277
-0.034212057
-0.13088275
-0.16101556
-0.08564979
-0.07499122
0.06914651
-0.040270813
0.10247483
0.14632554
0.13245216
0.10411054
-0.039264124
0.14324251
0.018747391
0.013748404
-0.050535727
0.035882544
-0.11661544
0.01514221
-0.11228731
0.14956157
0.15170132
-0.021974245
-0.10524865
0.0781133
-0.12879963
-0.0057543693
0.06523283
-0.17548501
0.12267385
0.1110924
0.015731316
0.087385125
0.12393238
-0.047672495
-0.015281788
-0.11391952
-0.019303927
-0.10113164
0.111327365
-0.14804055
-0.11543974
-0.021146981
-0.19252619
-0.12950456
-0.054696336
0.09852927
0.061175603
0.10960748
0.06832958
0.00259179
0.118496485
-0.034274954
0.14084777
0.099226706
-0.13325466
0.061525926
-0.10987549
0.12890849
0.038871735
-0.019079756
0.11807711
0.03969103
0.052147787
-0.14777087
-0.05403664
0.006103416
-0.097805604
-0.0011745975
0.08196211
-0.109237805
0.12733378
-0.143078
-0.02365695
0.1498917
-0.07629936
0.019773846
0.01736186
0.035675947
0.021062164
-0.073285036
-0.0077350214
0.11954703
0.04647814
-0.13071002
0.023835098
-0.07491941
0.07882599
-0.104437806
-0.11709203
0.12444133
-0.010874166
-0.15942395
-0.12709092
0.07655206
-0.023354923
0.084445775
0.080281354
0.056595046
-0.15834448
-0.049832653
-0.1259274
0.07996001
0.12490298
0.009915253
-0.042098142
-0.08804759
0.13190849
0.04804184
-0.12917902
-0.14557868
-0.16685833
-0.09806943
0.14630218
-0.10059453
-0.09873244
0.14923951
0.069920994
-0.09065507
0.13905142
0.027939174
-0.14373966
0.090567276
0.033764858
-0.019938327
0.10288375
-0.060710907
0.10678616
-0.111122884
0.04122015
-0.17148699
-0.16178136
-0.0022310626
0.03816635
0.051277388
0.087808564
0.1500192
-0.13075286
-0.080955796
0.043005385
-0.05479138
-0.0012065376
-0.15506792
0.11272027
0.04082321
0.025023332
0.049685393
0.114699736
-0.16232418
0.099537715
-0.008140435
0.0652926
0.054008354
-0.10523879
0.10416016
-0.003783544
-0.050290786
-0.09449945
-0.06405327
0.03216441
-0.10127845
0.07171673
-0.087722085
-0.13350843
-0.06423278
-0.060084946
0.03659592
-0.04722884
-0.08683538
0.019291155
-0.13531639
0.065495156
-0.14613825
0.20043162
-0.13053839
-0.09491509
-0.13786003
-0.11524696
0.14747843
-0.12404467
-0.15063764
-0.03346872
-0.065272346
-0.13085003
-0.05942079
-0.07100088
0.04896561
-0.0211803
-0.03713964
-0.13761377
0.13112289
0.07884517
-0.024527384
0.16208772
-0.00088768214
0.17528728
0.044989023
0.1282496
-0.03965905
0.007251453
-0.09746068
-0.022358214
-0.05530369
0.14458741
0.09286839
0.0973311
-0.13417433
0.13559018
0.07708976
0.14272594
-0.12227074
0.07622131
0.07312493
-0.06657491
-0.114656754
0.054122336
-0.11257736
-0.12142785
0.0809444
0.07330352
-0.098329715
-0.095703766
-0.12132239
0.04904957
-0.10226911
-0.030587174
0.057817772
0.0017218521
-0.0897235
0.10069077
-0.13724418
-0.14134264
0.020472081
-0.012401842
-0.0260419
0.111820124
0.09645411
-0.1602254
0.011694589
0.063358895
-0.07469875
0.016505962
0.14126396
0.039450914
0.046125405
0.15058649
-0.032204814
-0.15157595
-0.119227126
-0.09716805
-0.13210763
-0.15162294
0.011942979
-0.16345644
0.11561054
0.015116434
0.10169253
0.09289472
0.13139506
0.119147114
0.041820895
0.0005276429
-0.0033860414
-0.028674085
0.020328918
-0.00910411
0.0062526106
-0.031211805
0.16316015
-0.15211518
-0.07639714
0.07185935
-0.023841918
0.10034744
0.112630695
-0.10441358
0.09806635
0.068912104
0.056528024
-0.009125301
-0.010493912
0.1406005
-0.030265437
-0.058881946
0.08481901
0.08971421
-0.007755657
0.14728545
-0.13410982
0.06791287
-0.011487139
0.0528677
0.13654451
-0.109706335
0.01788233
-0.12859307
0.09349114
-0.18104285
-0.05562792
-0.04861498
0.100097455
-0.11103626
-0.007991469
-0.16234632
-0.13574919
0.15047237
-0.11978933
0.08518575
-0.024011193
-0.06618687
0.026589533
0.024629202
0.12422843
0.039498955
0.1325952
-0.13579518
-0.13573492
-0.11876142
-0.13071978
-0.042106852
0.09206547
0.11877549
0.11991057
0.16773945
0.07129182
-0.07420167
-0.13375932
0.073878504
-0.10077218
-0.13705334
-0.07407963
-0.13799495
0.050134793
0.07441506
-0.12538336
-0.022924617
-0.03760879
0.10448227
0.013347401
0.107723065
-0.14230932
0.047479216
0.06908522
-0.08289377
-0.15849824
0.05058383
-0.019474078
0.13711695
0.058736574
-0.058903426
0.15964307
-0.057237778
0.14358205
-0.13384397
0.08075285
-0.030249335
-0.06442955
-0.11004715
0.10853522
0.10341156
-0.016243387
-0.16949132
0.009384486
0.13603495
0.013772627
0.0433213
-0.13639349
0.14244008
0.0006867369
0.033040326
-0.10451088
-0.029243048
0.10356598
0.1324068
0.0925757
0.0023565257
-0.13678901
0.05595408
0.14755806
-0.11164581
-0.04414084
0.031311885
-0.048913352
0.052067198
-0.12290308
0.15753464
0.09688366
0.13923354
-0.12995654
0.06756752
0.010363378
0.08634475
-0.01172013
-0.021069566
-0.120777816
0.030675292
-0.06169248
0.13822743
0.09043735
0.0061084838
-0.1487694
0.017374054
0.022208398
-0.11332068
-0.05678347
0.052784324
-0.13311484
0.06840017
0.11460429
-0.15206538
0.084945105
-0.11296376
-0.010400852
0.15173729
-0.09021591
-0.033756312
-0.07878407
-0.16242707
0.012984343
-0.1622857
0.14100996
-0.024482483
0.0013479259
-0.055796385
0.08036586
0.052654963
-0.06510792
0.07055886
-0.16291092
0.08484968
0.12252923
0.07001934
-0.090374514
0.001444004
0.016943725
0.050082747
-0.13903238
-0.15355083
-0.12987852
-0.13726026
0.09214861
-0.13002855
-0.088646725
0.0025538376
0.042999536
-0.0761336
-0.02228677
-0.010758739
0.10727164
-0.0010426401
-0.086551994
0.12125677
-0.11030249
-0.032151323
0.07283737
-0.05847343
-0.1556323
0.009325304
-0.054924533
0.07289488
-0.10412215
0.041455887
0.06319752
0.1691276
0.10027916
0.11263518
-0.1488429
-0.11762087
0.024379829
0.06256496
0.11019986
-0.15547176
-0.11076354
-0.09463665
0.13305174
0.008757258
-0.079008974
-0.018425807
0.027360164
0.055273898
-0.11726287
0.05763976
0.008838305
-0.11489957
0.071331166
-0.0902281
0.06647697
-0.16559829
0.025448147
0.082827024
0.10887237
0.11459151
0.029014202
-0.10715436
0.086434454
0.09482016
0.09975001
0.09365762
0.14792049
-0.13869695
0.023236986
-0.059914555
0.00957907
-0.021909904
-0.12970415
0.06750279
0.10673144
-0.028214436
-0.18397568
0.08239268
-0.022258
0.11223948
0.13232261
-0.048885446
0.06183637
0.11297003
-0.113927655
0.14711621
-0.082575195
-0.13006759
0.06970727
-0.10729817
0.11445529
-0.05761175
0.1362957
0.13964294
0.11112197
0.10735659
0.049001597
-0.1086412
0.08533117
0.10864744
-0.06888486
0.008912621
0.010452798
-0.14502661
-0.10622177
0.16557541
0.02525275
0.1385297
-0.018379897
0.0071941214
0.05493713
-0.013872245
0.038455762
0.13828199
0.11379253
0.08295739
0.11703465
-0.111610904
-0.06471393
0.12864755
0.013983808
0.046157826
0.12981482
0.13857517
0.014927043
0.12883478
0.06432771
-0.052680984
-0.10542512
-0.032433137
-0.020704687
0.11630615
0.005561275
-0.028454494
0.10270107
-0.025259348
-0.11143244
0.040487103
-0.1333388
-0.09433461
0.10495405
0.041691724
0.023546483
0.0112188645
-0.100755654
0.012602427
0.03651798
-0.015655309
-0.026527591
0.118737064
-0.075714566
-0.12079262
0.03219317
0.057891965
0.1397623
0.07695812
0.14185967
-0.041705146
-0.017570265
-0.06839034
0.116423264
0.007782621
-0.091702744
0.09091372
-0.11008952
0.10798636
0.09442262
-0.16627878
0.11981602
0.08852726
-0.14131363
0.10833322
0.10107557
-0.11756058
0.036951765
0.09097425
0.06522459
-0.0068823923
-0.099083304
-0.16381812
0.14082442
0.010870516
-0.020353558
-0.046426516
-0.05344782
-0.12869701
-0.14184274
-0.023524301
-0.12496496
0.018988281
-0.14555037
0.13904426
0.13934794
-0.07274942
-0.04425218
0.06197299
-0.045719467
0.088182956
0.077962905
0.004027784
-0.06117255
-0.05814802
-0.10173722
-0.09370881
0.15845206
-0.13288675
0.15413989
-0.087453656
-0.02630693
0.13813841
0.056115065
-0.065791614
0.06081755
-0.099934645
-0.078281395
0.025742408
0.057059966
-0.07079685
-0.045634896
0.1478042
0.14841956
-0.0041044736
-0.0039601945
0.04587601
0.17837718
0.094001256
0.10026589
0.065736756
-0.00283901
0.15256736
0.14688265
-0.105122104
0.036245666
-0.08607482
0.17586762
-0.15123472
0.10981722
0.08653765
0.11200724
0.13889489
0.11702133
-0.072905205
-0.05592008
-0.08792398
-0.023815533
-0.13427459
-0.028481293
0.006807416
-0.065885864
-0.1235172
-0.092711546
-0.0066118976
0.033147383
0.07490686
-0.069216624
0.14996304
0.12465915
-0.00236025
0.13356727
0.12876981
0.07838228
0.13825825
-0.09801506
0.08106512
-0.11618516
-0.07667134
0.04031706
0.052768175
-0.083252266
-0.14932777
-0.10899651
-0.0705683
-0.040981848
-0.05835827
-0.07616112
0.1975983
0.14665331
-0.028472766
-0.07444908
0.10189251
0.10261315
0.010804938
0.06637397
0.14514482
-0.07464428
-0.06971596
-0.0120935105
-0.06300689
0.14362909
0.001486683
0.13151172
0.03529645
0.13146938
0.05768077
-0.07249117
0.028587889
-0.10043619
-0.063562006
-0.030087326
-0.07036783
0.11620924
-0.04636297
-0.073530726
-0.0016345069
-0.09744832
0.030571047
-0.060105827
0.10382657
-0.071018256
0.14508124
0.010606021
-0.037352208
-0.1526745
0.083212405
0.0104609085
0.06261543
-0.014262866
0.046781976
-0.0015492262
-0.032391366
0.09708657
0.0923137
-0.118087955
-0.117222056
-0.13487396
-0.015451889
0.15665281
-0.025475798
-0.03852892
0.064030714
