-0.0069259875
-5.7062898e-05
-0.005941922
-0.0013571548
-0.0025742927
-0.0009770851
0.010574394
0.0005407732
-0.011587732
0.0
0.0070667528
0.010715265
0.0012850695
0.0044955965
-0.0022476104
0.010488462
-0.0008735498
-0.00034097585
0.0003247536
0.008318354
0.0041353563
-0.0036795998
-0.00068916625
0.0058505028
-0.00041063645
-0.0024125816
-0.006858839
-0.0025890146
-2.6899517e-05
0.0026467023
-0.009550527
0.00037374962
0.0013439506
-0.005478831
-0.006551507
0.0039144247
-0.00015080006
0.0007291193
0.009203832
0.011445144
0.0018424165
-0.0014195913
-0.0004534454
-0.012451167
-0.0010371733
0.0005957378
-0.00061362924
0.002383386
0.002693516
-7.2171606e-05
-0.0023810156
-0.0042494377
0.0022736755
0.0023262529
0.004182521
0.01304051
0.0043224753
-0.0005877802
0.0027010473
0.0051411306
-0.00044654543
0.008063151
-0.0054575917
0.011129994
-0.00069498096
-0.00034476837
0.0
-0.0055870158
0.0010821453
0.007293376
-6.381404e-06
-0.0027969135
-0.006450123
0.004925691
-0.006985757
-0.009851259
-0.0024400298
-0.008875943
-0.0007859538
0.0031370588
0.008144008
-0.0026639656
0.0026613376
0.0040892414
-0.005564909
-0.00022234826
-0.0012093378
-0.001743341
-0.0026273502
7.5069474e-05
-0.0053888555
-0.002094012
0.0066350386
0.008653354
0.0059154015
-0.0011375111
0.011207032
0.0035052076
0.0024076595
-0.0028724158
0.0003814275
-0.008167955
0.0011005396
0.002792924
-0.0010892513
0.00016098823
0.0069358028
-0.00012568168
0.008009832
-0.005750725
0.004177922
0.008099391
-0.00015183023
0.0089598885
0.00977958
-0.0024393222
0.0002481455
-0.0018427938
0.0004578815
-0.007707021
-0.0012948142
0.006302142
0.0020012306
-0.0020553756
0.0
-0.00077291386
-0.0005189201
-0.0038560787
0.0060002045
0.008572552
-0.0021667697
0.00024914596
0.009163103
-0.0018768364
-0.009230243
-0.004098272
0.0030761745
-0.0046986425
0.00077735056
-0.006825724
0.00028152225
0.0
0.006875033
0.00077331543
0.0091306325
-0.0022745384
0.005041738
-0.008191429
0.00029232103
0.0071498156
-0.0036058507
-0.0034039484
0.0022413859
1.4702158e-05
-0.0020380504
-0.0005119699
0.0031137227
8.443599e-05
-0.00067579944
-7.8320416e-05
0.0027596068
0.0018758968
0.0013490397
-0.009451828
0.0038051186
0.013632235
0.0029505838
0.0005589836
0.0070803505
0.0045090904
5.9354325e-06
0.0
0.0017058732
0.0012891322
-0.0028895342
0.007966523
0.011073156
-2.6337006e-05
-0.00093341374
0.0033956503
-0.004053756
-0.002048881
-0.002530159
-0.0023024646
0.006130146
1.535996e-05
-0.0033773517
0.005645494
0.0015445051
0.00052091916
0.013884737
0.012693603
0.005531382
-1.34214215e-05
0.01417589
0.00035148973
-0.00039345337
0.017064879
-0.007741989
0.009437509
0.0044009034
-0.003227114
0.0054379683
-0.00052659883
-0.0049476
-0.0053663068
0.003931916
-0.00033019786
0.002122312
-0.0036424147
-0.003541138
-0.0018449659
0.00067284406
0.00884474
-0.0042997394
-0.0058993488
3.409144e-05
0.007864234
0.0051890253
6.4527893e-07
-0.0048766215
0.0020097105
-0.0055701537
-0.005951428
5.2983243e-08
0.004551913
-0.003550586
-0.0007807956
-0.0006486874
2.4222809e-05
0.0063016433
-0.0025960312
-0.0016277195
0.002153623
-0.00015812823
0.0016651477
3.226647e-05
-0.0032406973
-0.0030793285
-0.004880478
0.010351279
-6.6936723e-06
0.0
0.0012369312
7.5248045e-06
0.0055221445
-0.00012803444
0.0030019602
-0.005485498
0.002311844
0.0020890832
-0.0044477424
-0.00015857919
0.007078101
0.0020326008
-0.0014250289
